$ANSIBLE_VAULT;1.1;AES256
61306162386236333365323135386263313938343866303831643233326666633935313864383463
3163356266663065303562663539653430323633393330350a396637653834343835336435636435
34356465303335333865313437653034303536626464653261333361343237633230336533323732
3433663636343738630a323732373630346561623535633934343438353431356236303863643031
31373065643630656339313965396337353739313831396165386439623231623030396137663964
30313930643434636666323830616264373531653234383130313437383737656634636665646365
36653237316430366637653964613264376133653665323764343634313664393834396234393637
61343962643733356531386238303331646165316638393136346661343432643130333332343734
38333738663539336534653939313737656539396632663665643936343339333366373532326638
35393837386635636466376432343063363236626530353639393264653635333163643933313062
33316633336135346162336331346261393639623734323537333061323636303931633833643461
36363237396539336166
